764 767 4633 4522 765 2 243 14 16 2 767 766 764 2948 766 764 3389 766 4160 764 15 3389 766 764 15 2948 766
764 767 4633 4522 765 2 243 14 16 2 767 766 764 3389 766 764 3457 766 4130 764 15 3457 766 764 15 3389 766
2099 2425 1907 4136 765 7 2430 7 2191 3215 765 244 763
764 767 4633 4522 765 2 243 14 16 2 767 766 764 4280 766 764 2936 766 4290 764 15 2936 766 764 15 4280 766
15 4476 15 3856 15 2560 14 3308
1905 10 1212 4139 2191 2559 765 4290 763
4681 2 2968 2 762 2 2676 13 3230 2 12 2 4136 2 762 2 4506 2 4683
764 767 4633 4522 765 2 243 14 16 2 767 766 764 4481 766 764 3045 766 1449 764 15 3045 766 764 3343 766 1102 764 15 3343 766 764 15 4481 766
764 767 4633 4522 765 2 243 14 16 2 767 766 764 4063 766 764 3734 766 3579 764 15 3734 766 764 15 4063 766
854 2430
3423 13 2793 15 2965 15 3770
1905 10 1212 2432 763
764 767 4633 4522 765 2 243 14 16 2 767 766 764 3968 766 764 3512 766 4124 764 15 3512 766 764 15 3968 766
2809 14 3310
2316 4064 3150 2594 4007
764 767 4633 4522 765 2 243 14 16 2 767 766 764 3481 766 764 4513 766 3117 764 15 4513 766 764 15 3481 766
4572
3815 13 2636 596 695 14 695 14 695 14 695
1410 2434 4268 2655
3110 3770
1779 3380
764 767 4633 4522 765 2 243 14 16 2 767 766 764 2505 766 764 4136 766 3161 764 15 4136 766 764 15 2505 766
1337 3150 2489 3278 4580 3498 3772
764 767 4633 4522 765 2 243 14 16 2 767 766 764 2932 766 764 3215 766 245 764 15 3215 766 764 4136 766 3841 764 15 4136 766 764 15 2932 766
3963 13 3956 15 4514 15 4266 15 2645
1905 10 1212 2570 2191 4136 765 7 2730 7 763
764 767 4633 4522 765 2 243 14 16 2 767 766 764 2505 766 764 3916 766 4290 764 15 3916 766 764 15 2505 766
764 767 4633 4522 765 2 243 14 16 2 767 766 764 3481 766 764 4136 766 1685 764 15 4136 766 764 15 3481 766
2315 4041 4528 3260 3230 3179
4566 3203 762 15 15 2976 14 2724 15 3034 14 4297
3132
764 767 4633 4522 765 2 243 14 16 2 767 766 764 2801 766 764 4136 766 2430 764 15 4136 766 764 15 2801 766
764 767 4633 4522 765 2 243 14 16 2 767 766 764 2803 766 764 4513 766 3542 764 15 4513 766 764 15 2803 766
3110 3129 4164
2698 8 9 3546 4681 4074 762 4078 763 4683
4234 6 4493 765 4153 763 13
2909 2 1328 1010 1782 2
1905 10 1212 3970 2191 2430 765 4290 763
4681 2 3457 2 762 2 2551 3768 2 4683
4681 2 3389 2 762 2 2567 3304 4130 2 4683
1905 3215 12 3968 1212 4124 2191 2838 765 7 1385 7 763
1225 4507 3768
4258 3155 2651 14
764 767 4633 4522 765 2 243 14 16 2 767 766 764 4216 766 764 2731 766 4290 764 15 2731 766 764 15 4216 766
2848 13 1995
4469
4469
1905 969 8 10 9 1212 4539 763
764 767 4633 4522 765 2 243 14 16 2 767 766 764 3919 766 764 4462 766 4290 764 15 4462 766 764 15 3919 766
3815 13 2636 345 243 14 243 14 243 14 243
764 767 4633 4522 765 2 243 14 16 2 767 766 764 2809 766 764 4136 766 2430 764 15 4136 766 764 15 2809 766
4681 2 4056 2 762 2 4658 2 12 2 2550 2 762 4290 4683
1007 4668 2739 4253 767
1989 3380
4681 2 3944 2 762 2 2552 2 4683
764 767 4633 4522 765 2 243 14 16 2 767 766 764 3389 766 764 2842 766 2697 764 15 2842 766 764 15 3389 766
1223 4086 4462
15 3755 15 3183 14 3198
1337 4586 3366 4268 762 3188 4244 762 4016 3822 14
4681 2 2944 2 762 2 15 2505 15 4476 2 12 2 3950 2 762 2 3574 2 4683
1612 4047
15 3035 15 2803 14 2781
1905 989 763
15 3874 15 3309 14 3310
2053 3760 627 3275 6 4682 14
2909 3230 4244 3471
1374 1378 3403 8 2968 12 4262 9 2136 8 7 4128 7 12 1645 8 9 9 763
1337 4586 3366 4268 4040 2394 3372 3570 2889 4106 3230 3955 3738 14
764 767 4633 4522 765 2 243 14 16 2 767 766 764 2431 766 764 4476 766 2675 764 15 4476 766 764 15 2431 766
764 767 4633 4522 765 2 243 14 16 2 767 766 764 4064 766 764 3551 766 4290 764 15 3551 766 764 15 4064 766
15 2885 15 3775 14 4675
1337 4586 3366 4268 3936 4244 4573 3570 4244 762 14 2735 3034 14
3425
4681 2 4476 2 762 2 2845 2 12 2 3961 2 762 2 2911 2 4683
15 3403 15 354 13 47 13 35 14 3389
2816
4681 2 3939 2 762 2 4137 2 4683
3 4083 4149 765 9 3164 3164
1905 10 1212 4058 763
15 3214 15 2507 13 3213 14 3823
1905 3215 1212 4286 763
1337 4586 3366 4268 3936 2394 4055 2979 4214 2803 4580 4244 3058 3762 762 2978 762 2351
15 2993 15 3933 14 3790
1337 4586 3366 4268 3936 4244 2607 4580 2508 762 8 2349
764 767 4633 4522 765 2 243 14 16 2 767 766 764 2545 766 764 3356 766 3177 764 15 3356 766 764 15 2545 766
1337 4586 3366 4268 3936 3242 2411 4244 4573 3570 4244 4258 3760 14
4681 2 4483 2 762 2 3544 2 4683
4681 2 4476 2 762 2 2440 2 12 2 4136 2 762 2 2430 2 4683
3187
764 767 4633 4522 765 2 243 14 16 2 767 766 764 2424 766 764 4136 766 4521 764 15 4136 766 764 15 2424 766
15 4533 15 2837 14 3490
1053 685 4
1544 2670
3554 3742 4225 2536 3964 3170 4094 2728 4268 3419 4246 3295 2752
15 4136 15 3160
15 3403 15 2507 14 3389
1905 10 1212 2969 763
764 767 4633 4522 765 2 243 14 16 2 767 766 764 4055 766 764 4136 766 2430 764 15 4136 766 764 15 4055 766
4281 13 3505 243
2220 3247
4681 2 2968 2 762 2 3395 2 12 2 3950 2 762 2 4160 2 4683
1671 2959 2843
15 3310 15 2507 14 3310
2492 6 1368 765 2715 6 765
764 767 4633 4522 765 2 243 14 16 2 767 766 764 4055 766 764 2430 766 4290 764 15 2430 766 764 15 4055 766
15 4085 14 4633
4681 2 2546 2 762 2 2515 2 4683
15 2876 15 3135 14 2877
15 3755 15 4233 14 3198
4681 2 4271 2 762 2 3925 2 12 2 2992 2 762 583 4683
4681 2 2968 2 762 2 3401 2 12 2 4160 2 762 4290 4683
15 15 4208 3579 3181 3754 12 4163 2523 3918 2600 12 3918 4585 12 2965
764 767 4633 4522 765 2 243 14 16 2 767 766 764 1926 13 1141 762 1176 4636 762 1926 13 1141 765 2 3203 762 15 15 4592 14 4546 14 3740 15 351 15 279 15 4097 13 2950 2 1926 13 1141 762 2940 765 2 3203 762 15 15 4592 14 4546 14 3740 15 351 15 279 15 4097 13 2939 2 766 764 1926 13 1141 762 922 4636 762 3429 765 2 3203 762 15 15 4592 14 4657 14 3740 15 3901 2 766 764 3429 762 1275 766 764 3429 762 1828 766 1182 1175 3064 2899 764 15 3429 762 1828 766 764 15 3429 762 1275 766 764 15 1926 13 1141 762 922 766 764 15 1926 13 1141 762 1176 766
3517 697 2760
15 2737 14 2532
2782 13 1337 3205 762 15 15 2976 14 2724
2897 13 2465 15 3181 15 4476
1905 969 8 10 9 1212 2605 763
15 3874 15 4136 14 4633
15 3181 15 3434 14 3198
4681 2 4050 2 762 2 3916 2 4683
4681 2 4482 2 762 2 4463 2 4683
2782 13 3989 3205 762 15 15 4234 14 2724
15 2533 15 3060 15 3965 14 4294
1905 4476 8 9 763
4681 2 2747 2 762 2 4038 2 12 2 3828 2 762 606 4683
1337 4586 3366 4268 3936 3242 2411 4244 2436 762 8 3 9 4000 3064 4244 3528 3470 14
1337 4586 3366 4244 3242 3064 1128 5 3822 14
4681 2 3481 2 762 2 3984 2 12 2 2676 2 762 2 3574 2 4683
1727 6 1982 849 1404
764 767 4633 4522 765 2 243 14 16 2 767 766 764 2737 766 764 4298 766 3312 764 15 4298 766 764 15 2737 766
4681 2 4491 2 762 2 2675 2 12 2 3129 2 762 2 4124 2 4683
3221 13 2394
1055 3739 763
1667 3457 3917
4680 3275 4244 2600 1
2053 3097 3821 4555 3959 14 2217 3316 2853 7 4194 3057 4244 4025
764 767 4633 4522 765 2 243 14 16 2 767 766 764 2968 766 764 4298 766 3544 764 15 4298 766 764 15 2968 766
2053 2764 3482 2878 7 3557 3366 3495
4281 13 2563 13 3506 4682 3156 13 346
1905 969 8 10 9 1212 2934 763
2492 1337 4586 3366 4268 4040 2480 3570 4244 3281 4243 2518 4298 764 2946 4298 3171 766 14
1398 4244 4153 3760 3275 3126 4242 16 12 4250 3953 2394 3372 3570 2480 2522 4580 4243 4153 14
764 767 4633 4522 765 7 243 14 16 7 4125 765 7 4667 7 767 766 764 3486 766 764 3485 766 764 4264 766 1755 762 919 4244 1781 764 15 4264 766 764 3908 4298 765 2 4256 2 766 673 764 15 3908 766 764 3908 4298 765 2 4127 2 766 627 764 15 3908 766 764 15 3485 766 764 15 3486 766
4681 2 3856 2 762 2 2829 2 12 2 4248 2 762 2 3365 2 4683
1007 1337 3822 3101 4244 3215 3064 4244 4476 4243 1337 2487 4292 4268 3057 767
1337 4586 3366 4268 4033 3064 4244 4147 2 5 4194 2 3822 14
15 2517 15 355 14 4212 14 3137
1337 4586 3366 4268 3936 4244 15 2661 4051 4580 4244 3760 762 4051 4682 4681 4683
1337 3366 4268 3796 2599 3579 3498 1736
4681 2 3986 2 762 2 3295 2 12 2 3162 2 762 2 290 2 4683
4681 2 3377 2 762 2 3477 2 4683
3497 3234 14 3198 3236 14 3198
1048 1199 12 13 13 1337 4252 3280 4586 2871 763 2766 4079 3912 4473 4034 3831
1905 10 1212 2476 2191 3913 765 3007 763
4050 3503 4136
3270 2435 4080
764 767 4633 4522 765 2 243 14 16 2 767 766 764 4476 766 764 3968 766 2912 764 15 3968 766 764 15 4476 766
2848 13 3143
1337 4586 3366 4268 3027 2480 3570 4244 2803 3064 3414 762 10
1905 10 1212 4058 2191 4506 765 4290 763
764 767 4633 4522 765 2 243 14 16 2 767 766 764 3479 766 764 2430 766 4290 764 15 2430 766 764 15 3479 766
1905 10 1212 4492 2191 2430 765 243 763
1905 10 1212 3876 1517 346 763
764 767 4633 4522 765 2 243 14 16 2 767 766 764 2568 766 764 4136 766 2882 764 15 4136 766 764 15 2568 766
15 2440 15 3241 14 4633
1905 10 1212 3265 2191 4139 766 16 763
4681 2 3946 2 762 2 581 2 4683
4681 2 3479 2 762 2 4064 2 12 2 2669 2 762 2 4160 2 4683
1905 10 1212 2606 763
1406 2415
15 4476 15 2560 14 3823
764 767 4633 4522 765 2 243 14 16 2 767 766 764 3856 766 764 2430 766 4290 764 15 2430 766 764 15 3856 766
2354 2480 4244 3974 3570 3077 765 768 13 2351
4681 2 3968 2 762 2 2490 2 12 2 4022 2 762 2 3368 2 4683
4572
2131 2730
1905 3215 12 3512 1212 3855 1517 244 763
4681 2 4136 2 762 2 3574 2 12 2 4055 2 762 2 2409 2 4683
1095 4248 2513
15 2780 15 4149 14 2780
1905 10 1212 3458 2191 3913 765 3007 763
764 767 4633 4522 765 2 243 14 16 2 767 766 764 3158 766 764 4136 766 3574 764 15 4136 766 764 15 3158 766
1905 10 1212 3159 763
853 2936
1905 10 1212 4274 763
2133 3275 4506
4681 2 2949 2 762 2 2844 2 12 2 4038 2 762 3007 4683
2658 15 2965 15 4069
1992 2730
2099 4064 1907 4513 765 7 3579 7 2191 3323 765 7 3436 7 763
1097 2995
2217 3521 4268 4038 3742 1512 762 4048
1337 4586 3366 4268 3936 4244 3449 4513 3064 3760 4501 14
3403 15 2418 14 3389
1993 2676 3768
1008 4007
1905 3798 1212 2420 763
764 767 4633 4522 765 2 243 14 16 2 767 766 764 3738 766 764 4136 766 2744 764 15 4136 766 764 15 3738 766
15 3226 15 3400 14 3823
4681 2 3968 2 762 2 3134 2 12 2 2418 2 762 2 3368 2 4683
4681 2 2803 2 762 2 3028 2 4683
1981 2990
15 2755 15 3363 14 4297
764 767 4633 4522 765 2 243 14 16 2 767 766 764 3550 766 764 3913 766 4290 764 15 3913 766 764 15 3550 766
4681 2 4055 2 762 2 4660 2 12 2 2550 2 762 4290 4683
15 4133 15 4149 14 2780
2848 13 3138
856 4462
1905 2930 1212 4487 763
3303 762 2 4253 3275 3316 2394 4234 14 3549 4268 4040 3171 14 2
1222 2513
764 767 4633 4522 765 2 243 14 16 2 767 766 764 3942 766 764 2418 766 3122 764 15 2418 766 764 15 3942 766
15 4249 15 3365 14 2780
4190 4136 4121
243 9 2394 13 2563 765 2636
15 4027 15 4520 14 3310
1330 2860
3422 13 3358 15 4514 15 3389
4681 2 2747 2 762 2 2964 2 4683
15 3442 15 3135 14 3790
1907 1626 7 4496 7 763
1905 10 1212 2506 763
1905 969 8 10 9 1212 4287 763
4681 2 3389 2 762 2 1985 4048 3579 3828 699 2 4683
1337 4061 4244 968 4513 4268 762 2989 765 4290 763
2492 15 3735
3187 13 1337
4681 2 4486 2 762 615 12 2 3799 2 762 2347 2 3913 2 12 2 4587 2 2349 4683
1337 4586 3366 4268 3936 4244 3383 4522 3570 4244 4564 3230 1226 12 4096 1337 4574 3233 4244 3760 2 3180 765 3069 2
2770 14 2949 14 2949 14 2568
1337 4586 3366 4268 3328 4244 4051 3064 4244 4681 3758 4683 1337 2487 3260 3230 14
15 4464 15 3548 14 4297
1020 7 3735 343 3765
764 767 4633 4522 765 2 243 14 16 2 767 766 764 4216 766 764 2882 766 4290 764 15 2882 766 764 15 4216 766
15 2803 15 2993 14 3312
15 4285 15 2431 14 3312
1225 4047
764 767 4633 4522 765 2 243 14 16 2 767 766 764 3403 766 764 4136 766 4590 764 15 4136 766 764 15 3403 766
764 767 4633 4522 765 2 243 14 16 2 767 766 764 4136 766 764 2710 766 4160 764 15 2710 766 764 15 4136 766
764 767 4633 4522 765 2 243 14 16 2 767 766 764 4460 766 764 4136 766 3900 764 15 4136 766 764 15 4460 766
2132 3394 3743
2658 15 2965 15 3770
1449 11 3735 768 4514 14 2962
1905 10 1212 3397 2191 3950 765 7 4160 7 763
4681 2 4136 2 762 2 2430 2 4683
1905 10 1212 4488 763
3131 4230
1337 4586 3366 4268 4040 4244 3986 3064 4244 3778 12 3822 14
4681 2 2545 2 762 2 2730 2 4683
2053 4126 3064 4244 764 4 4209 3275 4268 2937 4238 3735 2710 4243 4079 2592 3262 2523 2394 2879 2488 14
15 2505 15 4502 15 3403
1905 4522 8 9 763
4681 2 2427 2 762 2 2745 2 12 2 3944 2 762 2 3122 2 4683
1007 1337 3822 3150 2394 1792 4296 3064 3897 2710 4014 767
1905 10 1212 3776 763
1409 3275 3546 4278 3346 12 2630 3863 2427 3275 3522
764 767 4633 4522 765 2 243 14 16 2 767 766 764 2930 766 764 4521 766 4290 764 15 4521 766 764 15 2930 766
1337 4586 3366 4268 3936 3242 3579 4244 2787 12 3822 14
764 767 4633 4522 765 2 243 14 16 2 767 766 764 3026 766 764 4136 766 3917 764 15 4136 766 764 15 3026 766
1905 3270 1212 3399 763
1222 3941
1890 3852
1673 2936
15 2737 15 4064 14 3245
15 2505 15 3241
4681 2 4056 2 762 2 2408 2 12 2 4136 2 762 2 2430 2 4683
15 4170 15 4257 15 2430
4681 2 2418 2 762 2 3122 2 12 2 3479 2 762 2 2801 2 4683
15 3403 15 355 13 35 13 35 14 3389
1915 1030 763
764 767 4633 4522 765 2 243 14 16 2 767 766 764 3933 766 764 3916 766 4290 764 15 3916 766 764 15 3933 766
2054 4007
4681 2 3034 2 762 2 4466 4160 2 4683
1548 3743 4162
1905 969 8 10 9 1212 3403 763
4681 2 3389 2 762 2 2737 3380 4162 2 4683
15 2803 15 3034 14 2781
764 767 4633 4522 765 2 243 14 16 2 767 766 764 4476 766 764 3512 766 2620 764 15 3512 766 764 3968 766 2440 764 15 3968 766 764 15 4476 766
4681 2 4136 2 762 2 2746 2 4683
15 4027 15 2507 14 3310
4681 2 2968 2 762 2 3163 2 12 2 4136 2 762 2 3574 2 4683
764 767 4633 4522 765 2 243 14 16 2 767 766 764 3463 766 764 3158 766 3574 764 15 3158 766 764 15 3463 766
4681 2 3163 2 762 2 4123 2 4683
764 767 4633 4522 765 2 243 14 16 2 767 766 764 3936 766 764 3462 766 1240 764 15 3462 766 764 15 3936 766
1905 969 8 10 9 1212 4058 763
1905 10 1212 3970 763
15 2507 15 2737 14 4664
15 4150 15 2829 14 2780
14 15 3234 14 3808
764 767 4633 4522 765 2 243 14 16 2 767 766 764 3933 766 764 4298 766 4166 764 15 4298 766 764 15 3933 766
764 767 4633 4522 765 2 243 14 16 2 767 766 764 3463 766 764 4462 766 4290 764 15 4462 766 764 15 3463 766
1008 4007
15 3035 15 3400 14 4172
1905 3344 1212 4492 763
1905 1029 8 9 763
1788 4462
2218 2565 12 4476 1
1220 2884
1905 3271 1212 2422 763
1905 1062 8 4486 9 1212 2432 763
4681 2 4298 2 762 2 3241 2 12 2 2710 2 762 253 4683
838 3389 3925
4681 2 2732 2 762 2 2545 2 12 2 3457 2 762 2 4271 4521 2 4683
4681 2 3389 2 762 2 2747 2415 3075 326 14 320 14 243 14 627 2 4683
1905 3392 1212 2509 763
15 4492 15 2803 14 3312
4681 2 2548 2 762 2 3574 2 4683
3326 13 727 283
764 767 4633 4522 765 2 243 14 16 2 767 766 764 2737 766 764 4063 766 2936 764 15 4063 766 764 15 2737 766
15 3934 15 4166 14 2781
1905 10 1212 4058 2191 2991 766 1645 8 9 763
4681 2 2968 2 762 2 3401 2 12 2 4258 2 762 2 363 762 17 2 4683
1337 4586 3366 4268 3936 2394 3906 3560 2601 243 2492 244 12 3822 14
764 767 4633 4522 765 2 243 14 16 2 767 766 764 3034 766 764 4466 766 4290 764 15 4466 766 764 15 3034 766
4177
15 4532 15 3264 14 3490
3963 13 3956 15 4266 15 4229
2218 4268 4669 2801
1223 2670
1915 1998 763
3307 13 4300 4121 14 4050
3422 13 2477 15 3732 15
1337 4586 3366 4268 3936 3242 2411 4244 4069 1160 14
1337 4494 4043 3212 4569 2765 2518 3230 4457 4580 3741 3079
1905 10 1212 2789 763
4681 2 3968 2 762 2 2440 2 12 2 2936 2 762 3007 4683
15 2507 15 4064 14 4633
2056 2484 3279 2394 3923 2471 4554 3570 3835 2530 2703
2848 13 3208
1337 4586 3366 4268 3322 13 2479 3498 2747 2492 3150 4244 3088 3570 4244 2521 12 3822 14
1333 2513
4681 2 4460 2 762 2 3256 2 12 2 4522 2 762 2 243 14 563 14 596 2 4683
4681 2 4476 2 762 2 3305 2 12 2 2418 2 762 2 3913 2 4683
1905 10 1212 2790 763
2347 1335 762 4298 762 4681 2347
4681 2 3944 2 762 2 3916 2 12 2 4258 2 762 2 292 2 4683
1980 2513
15 3874 15 3234 14 3198
850 13 4006 2731
4681 2 3389 2 762 2 4216 2982 2 4683
1337 4586 3366 4268 2773 2394 3525 2646 2647 2 2787 2 3822 14
2063 2936
764 767 4633 4522 765 2 243 14 16 2 767 766 764 3860 766 764 4136 766 2430 764 15 4136 766 764 15 3860 766
2492 765 1382 765 926 765
1219 4155 4162
764 767 4633 4522 765 2 243 14 16 2 767 766 764 3568 766 764 4132 766 2730 764 15 4132 766 764 15 3568 766
1003 2697
1905 10 1212 4217 2191 2535 765 4290 763
4455 13 2394
15 2755 15 2572 14 3308
2217 2484 3547 3178 3863 4581 3570 4244 3225
3473 13 3751 15 4120 15 2803 15 3403
3422 565 3357
3770 13 13 4136 4477
15 3403 15 2956 14 3389
15 2440 15 3255 14 3808
2171 2930
764 767 4633 4522 765 2 243 14 16 2 767 766 764 3241 766 764 4522 766 345 14 16 764 15 4522 766 764 15 3241 766
4490 13 2400 4164 4477
4681 2 4476 2 762 2 3292 2 12 2 2550 2 762 4290 4683
2060 3229 4669 4025 4668 3316 2930 3280 4268 4669 2424 2536 4244 2507
2818 14 3808
15 2993 15 3921 14 2781
1905 1029 8 9 763
764 767 4633 4522 765 2 243 14 16 2 767 766 764 3944 766 764 4506 766 4290 764 15 4506 766 764 15 3944 766
1905 10 1212 3267 1692 910 3215 1054 1517 563 763
3295 3340 2769
1905 10 1212 4467 2191 4136 765 7 3852 7 763
1905 10 1212 4537 763
764 767 4633 4522 765 2 243 14 16 2 767 766 764 4476 766 764 3512 766 2478 764 15 3512 766 764 15 4476 766
2949 4682 4105
15 3481 15 3403
764 767 4633 4522 765 2 243 14 16 2 767 766 764 3457 766 764 2755 766 2130 764 15 2755 766 764 15 3457 766
2816 11 2 5 1183 5 1995 2
15 3453 15 4532 14 3490
2680 4592 13 2803 762 4592 13 2803 15 4514 15 4592 15 3198
1905 4522 8 9 763
3422 13 3335 15 3181 15 4476
764 767 4633 4522 765 2 243 14 16 2 767 766 764 3395 766 764 4136 766 4506 764 15 4136 766 764 15 3395 766
4681 2 4187 2 762 2 3662 2 12 2 3946 2 762 2 707 2 4683
1973 3951 2860
15 2533 15 4476 14 4172
764 767 4633 4522 765 2 243 14 16 2 767 766 764 2737 766 764 4248 766 3365 764 15 4248 766 764 15 2737 766
764 767 4633 4522 765 2 243 14 16 2 767 766 764 3970 766 764 2768 766 563 764 15 2768 766 764 15 3970 766
15 3035 15 2507 14 2980
2220 3380
1977 4130
1977 4261 2999
15 3160 15 4136
764 767 4633 4522 765 2 243 14 16 2 767 766 764 4466 766 764 4136 766 4160 764 15 4136 766 764 15 4466 766
1977 3388
764 767 4633 4522 765 2 243 14 16 2 767 766 764 4565 762 1274 4050 765 2 2188 2 4522 765 2 243 14 16 14 16 2 4636 762 4565 765 2 3203 762 15 15 4592 14 3731 14 3523 15 4565 2 4636 762 3573 765 2 3203 762 15 15 4592 14 3731 14 3523 15 3573 2 4636 762 3501 765 2 3203 762 15 15 4592 14 2976 14 2724 15 3501 2 4636 762 4643 765 2 3203 762 15 15 4592 14 4546 14 3740 15 351 15 2248 13 3257 2 4643 762 4017 765 2 3203 762 15 15 4592 14 3731 14 3523 15 4565 14 14 15 4565 15 243 14 16 14 16 15 2188 13 2579 14 4642 2 766 764 4565 762 1827 4299 765 2 3501 762 958 2 766 764 3573 762 1791 766 3501 762 1577 764 15 3573 762 1791 766 764 3573 762 1791 766 3501 762 1914 764 15 3573 762 1791 766 764 15 4565 762 1827 766 764 15 4565 762 1274 766
764 767 4633 4522 765 2 243 14 16 2 767 766 764 3799 766 764 3913 766 4290 764 15 3913 766 764 15 3799 766
15 4249 15 2800 14 2780
4681 2 3463 2 762 2 3544 2 4683
15 3310 15 2628 14 3310
1225 3941
1905 10 1212 4464 2191 4136 765 7 3041 7 763
2680 3971 762 3971 15 2965 15 3188
1550 3952
4681 2 4476 2 762 2 2440 2 12 2 3968 2 762 2 4168 2 4683
2054 3838 4141
15 3035 15 4066 14 4068
15 3966 14 4297
3871 13 2925 4682 3128 2503
3770 13 3332 4232
4681 2 2949 2 762 2 3854 2 12 2 4038 2 762 4290 4683
4282 15 4266 15 3481 14 4297
764 767 4633 4522 765 2 243 14 16 2 767 766 764 2431 766 764 4136 766 3920 764 15 4136 766 764 15 2431 766
764 767 4633 4522 765 2 243 14 16 2 767 766 764 3266 766 764 3215 766 690 764 15 3215 766 764 15 3266 766
3524 13 4295
4571 13 4300
1667 4460 2559
4050 2504 3948
15 3234 14 3808
4681 2 3389 2 762 2 4271 3924 4160 2 4683
3130 2846
4681 2 3936 2 762 2 1240 15 3181 2 12 2 4136 2 762 347 4683
764 767 4633 4522 765 2 243 14 16 2 767 766 764 3266 766 764 3756 766 4290 764 15 3756 766 764 15 3266 766
3215
4681 2 4273 2 762 2 4160 2 4683
15 3035 15 4003 14 4212 14 3137
1095 3476 2513
3221
15 3934 15 2498 14 3790
3422 13 3332 15 4493 15 2607
4681 2 4271 2 762 2 4506 2 12 2 4022 2 762 2 3913 2 4683
15 2874 15 3915 14 4297
1905 1645 8 9 763
15 4084 15 2411 14 3198
764 767 4633 4522 765 2 243 14 16 2 767 766 764 4055 766 764 4476 766 2440 764 15 4476 766 764 15 4055 766
1905 10 1212 2543 763
15 3966 14 4297
764 767 4633 4522 765 2 243 14 16 2 767 766 764 4234 766 764 3950 766 3767 764 15 3950 766 764 15 4234 766
15 4133 15 3310 15 4520 14 3310
1973 3380
1337 4586 3366 4268 2438 2349 3230 4244 4187 14
4681 2 3389 2 762 2 2856 2696 2730 2 4683
2909 2 1685 2
1905 10 1212 2549 763
1016 3065 4047
764 767 4633 4522 765 2 243 14 16 2 767 766 764 4279 766 764 2936 766 4290 764 15 2936 766 764 15 4279 766
841 2697
1905 10 1212 3403 2191 4067 765 7 3241 7 763
4490 13 1506 4232
3270 3371 4080
4681 2 2418 2 762 2 3949 2 12 2 3129 2 762 2 3886 2 4683
1544 4059 4268 1174
915 2776
3230 762 2847
15 4133 15 3214 15 4476 14 4172
1905 10 1212 2476 2191 4136 765 7 3525 7 763
15 2568 15 354 14 4675
764 767 4633 4522 765 2 243 14 16 2 767 766 764 3065 766 764 4155 766 4290 764 15 4155 766 764 15 3065 766
840 2858
4681 2 3389 2 762 2 4460 2731 2 4683
15 3234 14 3198
764 767 4633 4522 765 2 243 14 16 2 767 766 764 4460 766 764 4522 766 243 14 345 764 15 4522 766 764 15 4460 766
4681 2 2418 2 762 2 4476 2 12 2 3968 2 762 2 3454 2 4683
1545 2513
15 2440 15 3395 14 3808
1905 4136 1212 4217 763
1905 4264 1212 3755 763
1905 2930 1212 4156 763
4681 2 3479 2 762 2 3434 2 12 2 3389 2 762 2 4130 2 4683
2897 13 4068 10
4681 2 2547 2 762 2 4521 2 4683
3402 13 2793 15 2965 15 3402 14 2735
764 767 4633 4522 765 2 243 14 16 2 767 766 764 4076 766 764 4136 766 4077 764 15 4136 766 764 15 4076 766
15 4133 15 3310 15 3986 14 3310
1550 3053
764 767 4633 4522 765 2 243 14 16 2 767 766 764 1273 4050 765 2 2188 2 4522 765 2 243 14 16 14 16 2 4636 765 2 3203 762 15 15 4592 14 3731 14 3523 15 4565 2 15 766
1610 12 7 1006 3452 4568 4668 3101 4268 4244 3098 2492 1337 7 3375 2725 3743 2492 3729 3280 4459 7
764 767 4633 4522 765 2 243 14 16 2 767 766 764 4063 766 764 2670 766 4290 764 15 2670 766 764 15 4063 766
4210 13 3002 15 4514 15 3389 15 3532 15 2418 14 3389
1977 2942
1337 4586 3366 4268 3322 2479 4244 3760 685 14
2909 2 1884 2
15 3226 15 2602 14 3308
4681 2 3389 2 762 2 3163 1685 2 4683
764 767 4633 4522 765 2 243 14 16 2 767 766 764 3047 766 764 2936 766 4290 764 15 2936 766 764 15 3047 766
2981 3553
